
"4.7.0.4
공지
store-Q1
계정변경
신규서버가 오픈되었습니다
새로운 천하를 통일할 군주님을 모십니다.
신규서버 오픈 : 2020.06.18.12:00
서버명 : [사면초가]
4PH:https://cafe.naver.com/samkingmaker
20|AF: help@chaplingame.com
확인
이 게임은 12세 이상의 유저만
"bounds: (10,11),(1121,11),(1121,601),(10,601)
"4.7.0.4"bounds: (1061,11),(1121,12),(1121,31),(1061,30)
"공지"bounds: (552,34),(590,33),(590,52),(552,53)
"store-Q1"bounds: (1027,27),(1118,29),(1117,63),(1026,61)
"계정"bounds: (24,69),(57,69),(57,83),(24,83)
"변경"bounds: (62,69),(91,69),(91,83),(62,83)
"신규"bounds: (275,140),(316,140),(316,164),(275,164)
"서버"bounds: (318,140),(346,140),(346,164),(318,164)
"가"bounds: (348,143),(362,143),(362,159),(348,159)
"오픈"bounds: (373,140),(408,140),(408,164),(373,164)
"되었습니다"bounds: (410,140),(491,140),(491,164),(410,164)
"새로운"bounds: (277,165),(329,165),(329,183),(277,183)
"천하"bounds: (335,163),(371,163),(371,187),(335,187)
"를"bounds: (373,163),(387,163),(387,187),(373,187)
"통일"bounds: (397,166),(429,166),(429,184),(397,184)
"할"bounds: (432,166),(448,166),(448,183),(432,183)
"군주"bounds: (456,163),(491,163),(491,187),(456,187)
"님"bounds: (493,163),(508,163),(508,187),(493,187)
"을"bounds: (509,165),(525,165),(525,183),(509,183)
"모십니다"bounds: (533,166),(595,166),(595,183),(533,183)
"."bounds: (597,163),(604,163),(604,187),(597,187)
"신규"bounds: (275,232),(315,232),(315,254),(275,254)
"서버"bounds: (317,232),(345,232),(345,254),(317,254)
"오픈"bounds: (356,232),(387,232),(387,254),(356,254)
":"bounds: (394,232),(403,232),(403,254),(394,254)
"2020.06.18.12:00"bounds: (409,236),(578,236),(578,250),(409,250)
"서버"bounds: (277,258),(308,258),(308,274),(277,274)
"명"bounds: (313,258),(327,258),(327,276),(313,276)
":"bounds: (335,255),(345,255),(345,278),(335,278)
"["bounds: (347,255),(361,255),(361,278),(347,278)
"사면"bounds: (363,254),(389,254),(389,278),(363,278)
"초가"bounds: (392,258),(417,258),(417,272),(392,272)
"]"bounds: (422,257),(431,257),(431,276),(422,276)
"4PH:https://cafe.naver.com/samkingmaker"bounds: (277,280),(711,280),(711,301),(277,301)
"20|AF:"bounds: (281,301),(358,301),(358,326),(281,326)
"help@chaplingame.com"bounds: (361,301),(575,302),(575,328),(361,327)
"확인"bounds: (547,568),(590,569),(589,597),(546,596)
"이"bounds: (10,588),(20,588),(20,600),(10,600)
"게임"bounds: (27,588),(51,588),(51,601),(27,601)
"은"bounds: (54,588),(66,588),(66,601),(54,601)
"12"bounds: (74,588),(87,588),(87,599),(74,599)
"세"bounds: (90,588),(100,588),(100,600),(90,600)
"이상의"bounds: (109,588),(146,588),(146,601),(109,601)
"유저"bounds: (155,588),(178,588),(178,600),(155,600)
"만"bounds: (182,588),(194,588),(194,601),(182,601)